AARTIIND-I,20240802,738.4,752.5,732.95,741.65,3059
AARTIIND-II,20240802,737.55,756.85,737.55,746.3,191
AARTIIND-III,20240802,754.25,760.9,754.05,754.05,6
ABB-I,20240802,7754.9,7803.9,7580.0,7601.35,3316
ABB-II,20240802,7741.5,7847.8,7640.0,7650.4,135
ABB-III,20240802,7775.55,7800.0,7700.0,7702.2,7
ABBOTINDIA-I,20240802,28411.7,28845.35,28234.3,28307.6,1232
ABBOTINDIA-II,20240802,28443.0,29046.2,28443.0,28524.55,60
ABBOTINDIA-III,20240802,0.0,0.0,0.0,28604.0,0
ABCAPITAL-I,20240802,217.0,217.79,211.3,212.17,8323
ABCAPITAL-II,20240802,218.0,219.09,212.96,213.62,1227
ABCAPITAL-III,20240802,218.18,220.53,214.8,215.19,89
ABFRL-I,20240802,334.9,344.4,330.8,336.6,5647
ABFRL-II,20240802,332.95,342.95,330.0,335.6,228
ABFRL-III,20240802,330.0,338.1,330.0,335.9,8
ACC-I,20240802,2484.9,2488.3,2438.7,2442.95,4549
ACC-II,20240802,2490.95,2502.0,2459.0,2460.0,331
ACC-III,20240802,2505.35,2511.0,2476.0,2477.75,27
ADANIENT-I,20240802,3204.0,3237.0,3124.95,3181.35,25470
ADANIENT-II,20240802,3225.85,3256.05,3148.0,3202.1,1599
ADANIENT-III,20240802,3250.05,3281.25,3175.0,3225.65,259
ADANIPORTS-I,20240802,1583.55,1608.0,1554.3,1594.8,24278
ADANIPORTS-II,20240802,1579.7,1618.9,1565.85,1605.4,1298
ADANIPORTS-III,20240802,1595.25,1627.0,1575.85,1617.1,143
ALKEM-I,20240802,5245.95,5369.9,5220.0,5325.9,2338
ALKEM-II,20240802,5300.0,5388.0,5258.9,5353.25,51
ALKEM-III,20240802,5371.05,5371.05,5371.05,5371.05,1
AMBUJACEM-I,20240802,661.0,665.0,649.95,656.6,7490
AMBUJACEM-II,20240802,657.9,668.55,655.7,660.55,380
AMBUJACEM-III,20240802,670.45,673.0,661.05,666.4,77
APOLLOHOSP-I,20240802,6723.35,6805.0,6696.1,6722.8,4274
APOLLOHOSP-II,20240802,6765.0,6846.45,6753.3,6764.9,134
APOLLOHOSP-III,20240802,6850.0,6885.0,6800.0,6815.75,5
APOLLOTYRE-I,20240802,541.95,546.65,530.05,532.5,6848
APOLLOTYRE-II,20240802,531.75,542.95,526.65,528.7,364
APOLLOTYRE-III,20240802,534.0,541.0,525.35,526.35,38
ASHOKLEY-I,20240802,251.0,253.95,245.1,250.9,6492
ASHOKLEY-II,20240802,246.9,255.1,246.9,252.5,384
ASHOKLEY-III,20240802,249.8,256.4,249.8,254.25,43
ASIANPAINT-I,20240802,3090.15,3147.0,3072.5,3119.6,12582
ASIANPAINT-II,20240802,3100.0,3160.0,3092.35,3133.1,480
ASIANPAINT-III,20240802,3129.65,3173.7,3123.0,3151.0,113
ASTRAL-I,20240802,2160.1,2181.8,2132.85,2136.05,2388
ASTRAL-II,20240802,2181.65,2185.85,2140.1,2142.7,110
ASTRAL-III,20240802,2181.95,2181.95,2138.6,2150.9,9
ATUL-I,20240802,7820.05,7950.0,7706.45,7812.3,2180
ATUL-II,20240802,7777.65,7956.05,7777.65,7834.25,319
ATUL-III,20240802,7950.0,7959.95,7852.75,7863.0,10
AUBANK-I,20240802,638.85,651.05,635.75,639.3,6879
AUBANK-II,20240802,633.0,643.45,630.0,632.9,583
AUBANK-III,20240802,631.0,639.6,626.4,629.05,64
AUROPHARMA-I,20240802,1433.95,1455.7,1424.0,1447.2,3373
AUROPHARMA-II,20240802,1444.5,1463.6,1441.05,1454.9,113
AUROPHARMA-III,20240802,1458.55,1470.0,1458.5,1461.65,9
AXISBANK-I,20240802,1164.0,1171.5,1160.7,1164.6,22952
AXISBANK-II,20240802,1175.0,1178.95,1169.0,1172.55,548
AXISBANK-III,20240802,1180.15,1187.0,1178.0,1180.9,162
BAJAJ-AUTO-I,20240802,9723.6,9769.35,9622.65,9638.8,5839
BAJAJ-AUTO-II,20240802,9741.95,9811.85,9681.0,9694.45,141
BAJAJ-AUTO-III,20240802,9805.45,9805.45,9740.0,9750.0,5
BAJAJFINSV-I,20240802,1626.7,1634.55,1612.0,1628.15,4549
BAJAJFINSV-II,20240802,1640.0,1644.0,1623.0,1638.55,160
BAJAJFINSV-III,20240802,1640.35,1653.35,1635.0,1649.65,19
BAJFINANCE-I,20240802,6800.0,6800.0,6692.6,6746.75,12365
BAJFINANCE-II,20240802,6790.0,6830.5,6745.0,6794.5,740
BAJFINANCE-III,20240802,6851.0,6875.0,6806.5,6846.8,125
BALKRISIND-I,20240802,3320.0,3379.7,3260.0,3304.3,2053
BALKRISIND-II,20240802,3354.0,3392.7,3317.0,3320.75,119
BALKRISIND-III,20240802,3363.05,3392.0,3338.45,3338.45,10
BALRAMCHIN-I,20240802,483.3,494.65,476.35,484.0,3845
BALRAMCHIN-II,20240802,481.4,497.5,481.35,487.15,146
BALRAMCHIN-III,20240802,0.0,0.0,0.0,492.95,0
BANDHANBNK-I,20240802,210.41,214.25,208.6,211.62,8920
BANDHANBNK-II,20240802,211.86,215.45,210.02,212.97,632
BANDHANBNK-III,20240802,213.0,216.5,211.8,214.54,123
BANKBARODA-I,20240802,250.4,250.4,243.6,244.85,15758
BANKBARODA-II,20240802,251.5,251.5,245.4,246.55,904
BANKBARODA-III,20240802,252.0,252.25,247.4,248.45,178
BANKNIFTY-I,20240802,51405.0,51736.9,51151.6,51429.3,156717
BANKNIFTY-II,20240802,51887.9,52010.0,51556.0,51736.15,7726
BANKNIFTY-III,20240802,52000.0,52300.0,51857.85,52027.45,2411
BATAINDIA-I,20240802,1616.0,1616.0,1582.3,1596.75,3996
BATAINDIA-II,20240802,1620.0,1620.0,1586.95,1596.85,456
BATAINDIA-III,20240802,1600.0,1608.05,1594.0,1600.55,64
BEL-I,20240802,306.35,309.8,302.15,303.05,13447
BEL-II,20240802,307.05,311.75,304.05,305.05,1517
BEL-III,20240802,308.5,314.05,306.55,307.45,172
BERGEPAINT-I,20240802,545.8,555.45,544.8,549.3,1010
BERGEPAINT-II,20240802,552.45,554.9,549.15,550.15,135
BERGEPAINT-III,20240802,551.7,557.0,551.7,554.85,4
BHARATFORG-I,20240802,1717.05,1717.05,1655.0,1659.95,5759
BHARATFORG-II,20240802,1698.55,1717.4,1668.0,1669.05,265
BHARATFORG-III,20240802,1720.0,1720.0,1678.15,1679.55,23
BHARTIARTL-I,20240802,1494.85,1502.75,1480.9,1493.05,19892
BHARTIARTL-II,20240802,1511.3,1511.3,1491.2,1502.05,263
BHARTIARTL-III,20240802,1515.0,1515.0,1502.5,1513.65,13
BHEL-I,20240802,307.0,311.2,301.05,302.1,11456
BHEL-II,20240802,309.0,312.95,303.5,304.1,737
BHEL-III,20240802,312.0,314.85,305.3,306.3,118
BIOCON-I,20240802,352.65,364.0,349.2,357.8,5241
BIOCON-II,20240802,353.4,366.2,351.8,360.05,441
BIOCON-III,20240802,359.35,366.65,354.5,363.05,33
BOSCHLTD-I,20240802,33993.65,34389.95,33618.35,33764.2,3417
BOSCHLTD-II,20240802,33703.95,34021.9,33229.95,33384.65,239
BOSCHLTD-III,20240802,0.0,0.0,0.0,33859.05,0
BPCL-I,20240802,346.25,352.45,341.1,347.65,12861
BPCL-II,20240802,347.8,354.0,343.5,349.85,520
BPCL-III,20240802,350.1,355.9,346.4,352.5,76
BRITANNIA-I,20240802,5630.0,5755.0,5579.95,5668.7,13602
BRITANNIA-II,20240802,5633.3,5786.9,5622.2,5716.35,345
BRITANNIA-III,20240802,5735.25,5780.95,5680.0,5757.5,47
BSOFT-I,20240802,634.95,638.9,600.5,609.4,1504
BSOFT-II,20240802,639.0,644.55,611.8,613.1,111
BSOFT-III,20240802,624.0,629.1,624.0,624.5,3
CANBK-I,20240802,111.99,112.49,110.38,110.76,7869
CANBK-II,20240802,111.61,113.2,111.25,111.51,513
CANBK-III,20240802,112.56,113.65,112.11,112.38,83
CANFINHOME-I,20240802,824.55,844.95,817.25,835.95,2296
CANFINHOME-II,20240802,829.25,844.6,820.0,836.25,116
CANFINHOME-III,20240802,842.15,842.15,842.15,842.15,1
CHAMBLFERT-I,20240802,515.8,538.8,511.4,524.6,11772
CHAMBLFERT-II,20240802,516.2,538.0,513.3,521.2,1080
CHAMBLFERT-III,20240802,530.0,534.6,518.6,519.1,77
CHOLAFIN-I,20240802,1386.05,1415.6,1374.45,1390.4,3455
CHOLAFIN-II,20240802,1391.4,1422.8,1385.55,1398.8,86
CHOLAFIN-III,20240802,1403.55,1428.1,1403.55,1421.45,5
CIPLA-I,20240802,1548.4,1548.4,1530.25,1534.2,3599
CIPLA-II,20240802,1541.6,1554.0,1540.0,1544.35,113
CIPLA-III,20240802,1557.3,1560.4,1553.7,1554.8,5
COALINDIA-I,20240802,531.6,535.0,519.05,520.85,12203
COALINDIA-II,20240802,535.0,538.3,523.0,524.5,732
COALINDIA-III,20240802,538.95,541.3,526.35,528.05,127
COFORGE-I,20240802,6227.85,6241.35,6090.0,6107.85,4691
COFORGE-II,20240802,6230.75,6230.75,6069.95,6085.1,384
COFORGE-III,20240802,6186.0,6194.2,6081.0,6080.95,28
COLPAL-I,20240802,3371.5,3431.65,3366.0,3378.15,2143
COLPAL-II,20240802,3417.85,3443.75,3385.0,3396.05,98
COLPAL-III,20240802,3434.0,3434.0,3400.0,3402.0,3
CONCOR-I,20240802,1027.4,1042.55,1020.0,1029.55,4202
CONCOR-II,20240802,1028.2,1046.95,1026.0,1034.35,241
CONCOR-III,20240802,1043.4,1051.0,1035.05,1042.2,24
COROMANDEL-I,20240802,1608.1,1645.35,1608.1,1632.6,1220
COROMANDEL-II,20240802,1602.55,1627.25,1598.55,1614.45,175
COROMANDEL-III,20240802,1609.55,1618.4,1604.05,1607.6,11
CROMPTON-I,20240802,448.1,453.8,439.0,440.0,3292
CROMPTON-II,20240802,445.6,456.55,442.45,443.25,149
CROMPTON-III,20240802,454.1,454.1,445.5,446.1,16
CUB-I,20240802,168.3,170.75,166.0,166.17,1514
CUB-II,20240802,169.15,171.83,167.18,167.34,96
CUB-III,20240802,171.0,172.16,169.5,169.5,20
CUMMINSIND-I,20240802,3730.1,3734.35,3495.9,3517.75,21692
CUMMINSIND-II,20240802,3737.0,3737.0,3518.4,3535.0,984
CUMMINSIND-III,20240802,3651.9,3651.9,3547.3,3553.15,65
DABUR-I,20240802,641.65,652.45,629.0,630.65,6160
DABUR-II,20240802,648.0,656.5,633.55,634.75,198
DABUR-III,20240802,641.65,641.65,641.65,641.65,1
DALBHARAT-I,20240802,1805.05,1832.95,1791.0,1806.2,2513
DALBHARAT-II,20240802,1819.95,1840.0,1808.0,1814.65,156
DALBHARAT-III,20240802,1830.6,1849.75,1819.0,1826.45,12
DEEPAKNTR-I,20240802,3095.0,3135.9,3048.6,3103.9,4141
DEEPAKNTR-II,20240802,3075.0,3128.4,3045.75,3092.7,341
DEEPAKNTR-III,20240802,3070.0,3127.0,3060.0,3102.2,17
DIVISLAB-I,20240802,4855.6,5004.9,4830.45,4956.1,13069
DIVISLAB-II,20240802,4911.2,5032.4,4863.3,4971.0,728
DIVISLAB-III,20240802,4930.0,5052.0,4930.0,5001.75,92
DIXON-I,20240802,11624.7,11888.0,11473.35,11702.8,8119
DIXON-II,20240802,11688.5,11946.4,11594.9,11770.1,473
DIXON-III,20240802,11770.0,12001.0,11740.0,11840.85,49
DLF-I,20240802,866.5,869.4,844.5,846.95,13905
DLF-II,20240802,867.8,875.25,850.55,852.75,451
DLF-III,20240802,874.0,879.45,858.0,859.15,40
DRREDDY-I,20240802,6909.0,6978.1,6895.05,6946.65,6591
DRREDDY-II,20240802,6911.15,6995.0,6911.15,6957.4,681
DRREDDY-III,20240802,7000.0,7020.0,6962.0,6978.85,21
EICHERMOT-I,20240802,4846.25,4854.85,4658.95,4676.6,12348
EICHERMOT-II,20240802,4870.0,4870.0,4683.5,4697.0,459
EICHERMOT-III,20240802,4849.5,4873.75,4713.55,4723.45,53
ESCORTS-I,20240802,4135.0,4135.0,3906.1,3919.0,5595
ESCORTS-II,20240802,4082.85,4135.75,3937.0,3942.0,330
ESCORTS-III,20240802,4075.45,4137.5,3968.4,3970.55,14
EXIDEIND-I,20240802,512.4,521.9,506.25,510.4,4850
EXIDEIND-II,20240802,512.15,525.6,510.95,514.25,316
EXIDEIND-III,20240802,516.35,528.0,516.1,518.05,34
FEDERALBNK-I,20240802,199.98,200.2,197.02,197.54,5397
FEDERALBNK-II,20240802,200.14,201.25,198.3,198.76,365
FEDERALBNK-III,20240802,200.06,202.0,199.35,200.02,97
FINNIFTY-I,20240802,23331.05,23544.0,23313.95,23398.0,2156
FINNIFTY-II,20240802,23465.05,23663.35,23458.65,23545.85,250
FINNIFTY-III,20240802,0.0,0.0,0.0,23766.05,0
GAIL-I,20240802,236.26,240.26,232.86,237.7,7070
GAIL-II,20240802,236.78,241.85,235.0,239.27,274
GAIL-III,20240802,240.04,243.18,237.77,241.07,41
GLENMARK-I,20240802,1430.55,1458.4,1424.8,1449.35,1694
GLENMARK-II,20240802,1441.4,1465.05,1438.0,1456.1,89
GLENMARK-III,20240802,0.0,0.0,0.0,1455.0,0
GMRINFRA-I,20240802,98.61,101.36,97.71,98.32,6595
GMRINFRA-II,20240802,99.31,101.86,98.44,99.0,403
GMRINFRA-III,20240802,100.8,102.33,99.38,99.88,78
GNFC-I,20240802,692.7,704.9,675.8,680.65,773
GNFC-II,20240802,703.0,706.95,681.7,683.85,27
GNFC-III,20240802,0.0,0.0,0.0,715.7,0
GODREJCP-I,20240802,1469.9,1483.85,1438.9,1448.5,5619
GODREJCP-II,20240802,1470.8,1487.15,1444.0,1449.6,429
GODREJCP-III,20240802,1486.55,1486.55,1454.15,1454.15,5
GODREJPROP-I,20240802,3109.0,3145.0,2997.55,3012.15,11010
GODREJPROP-II,20240802,3137.25,3160.0,3020.9,3032.25,385
GODREJPROP-III,20240802,3119.7,3126.35,3046.5,3051.7,54
GRANULES-I,20240802,628.0,652.0,628.0,646.8,381
GRANULES-II,20240802,634.65,653.25,633.5,651.05,15
GRANULES-III,20240802,643.1,656.0,643.1,656.0,7
GRASIM-I,20240802,2753.7,2762.8,2705.15,2708.6,6098
GRASIM-II,20240802,2775.0,2775.0,2720.0,2722.3,67
GRASIM-III,20240802,2752.85,2752.85,2731.45,2733.75,6
GUJGASLTD-I,20240802,645.3,661.0,639.6,655.3,2485
GUJGASLTD-II,20240802,634.5,649.25,628.8,644.0,153
GUJGASLTD-III,20240802,636.85,636.85,629.85,629.85,3
HAL-I,20240802,4760.3,4785.75,4644.8,4706.6,13946
HAL-II,20240802,4800.05,4815.65,4677.65,4740.25,1873
HAL-III,20240802,4875.0,4880.0,4706.45,4773.7,312
HAVELLS-I,20240802,1827.0,1845.0,1815.1,1826.85,2728
HAVELLS-II,20240802,1838.4,1855.55,1830.0,1838.05,85
HAVELLS-III,20240802,1864.85,1866.45,1864.85,1866.45,2
HCLTECH-I,20240802,1628.8,1645.25,1609.65,1614.55,9584
HCLTECH-II,20240802,1636.25,1653.95,1617.55,1622.2,256
HCLTECH-III,20240802,1640.3,1647.25,1621.75,1622.9,17
HDFCAMC-I,20240802,4150.7,4184.05,4111.8,4135.2,4771
HDFCAMC-II,20240802,4183.9,4205.6,4150.0,4160.4,139
HDFCAMC-III,20240802,4207.85,4214.55,4173.6,4179.3,9
HDFCBANK-I,20240802,1639.95,1677.45,1637.55,1664.5,103309
HDFCBANK-II,20240802,1658.7,1682.5,1647.0,1670.4,4713
HDFCBANK-III,20240802,1665.0,1692.0,1655.95,1678.8,594
HDFCLIFE-I,20240802,710.0,716.6,703.3,710.0,5666
HDFCLIFE-II,20240802,715.0,720.95,708.2,714.7,291
HDFCLIFE-III,20240802,719.5,725.2,713.0,719.25,35
HEROMOTOCO-I,20240802,5375.5,5399.95,5261.65,5297.15,11518
HEROMOTOCO-II,20240802,5355.25,5430.0,5300.0,5330.3,405
HEROMOTOCO-III,20240802,5377.8,5450.25,5340.45,5371.25,44
HINDALCO-I,20240802,661.15,665.2,645.15,647.05,11807
HINDALCO-II,20240802,665.0,669.5,649.85,651.45,554
HINDALCO-III,20240802,665.0,673.7,655.0,656.05,53
HINDCOPPER-I,20240802,315.95,317.2,308.75,310.9,3034
HINDCOPPER-II,20240802,315.2,317.5,310.6,312.2,323
HINDCOPPER-III,20240802,318.2,319.45,314.6,314.75,23
HINDPETRO-I,20240802,389.0,400.4,385.25,391.05,9560
HINDPETRO-II,20240802,387.75,402.8,387.75,393.5,379
HINDPETRO-III,20240802,394.6,403.5,391.05,396.5,29
HINDUNILVR-I,20240802,2724.1,2773.0,2697.2,2704.75,14774
HINDUNILVR-II,20240802,2746.2,2790.0,2715.3,2722.65,633
HINDUNILVR-III,20240802,2760.0,2792.0,2731.3,2734.75,35
ICICIBANK-I,20240802,1194.0,1197.0,1186.45,1189.75,39959
ICICIBANK-II,20240802,1201.9,1204.0,1194.0,1197.0,594
ICICIBANK-III,20240802,1212.0,1212.0,1202.0,1204.85,107
ICICIGI-I,20240802,1985.2,2016.0,1982.45,1993.15,904
ICICIGI-II,20240802,2016.35,2028.5,2000.0,2006.65,32
ICICIGI-III,20240802,2020.0,2020.0,2020.0,2020.0,1
ICICIPRULI-I,20240802,730.1,740.35,727.2,731.9,1712
ICICIPRULI-II,20240802,734.8,742.2,730.85,735.15,103
ICICIPRULI-III,20240802,741.0,743.0,736.0,736.05,9
IDEA-I,20240802,15.9,16.56,15.88,16.26,16703
IDEA-II,20240802,16.0,16.63,16.0,16.35,950
IDEA-III,20240802,16.21,16.7,16.21,16.5,89
IDFC-I,20240802,110.38,110.8,109.07,109.41,3850
IDFC-II,20240802,111.16,111.43,109.9,110.17,502
IDFC-III,20240802,111.51,111.9,110.15,110.62,35
IDFCFIRSTB-I,20240802,74.5,74.67,73.53,73.93,8909
IDFCFIRSTB-II,20240802,74.34,74.53,73.27,73.84,2492
IDFCFIRSTB-III,20240802,74.03,74.52,73.37,73.84,414
IEX-I,20240802,186.25,199.0,185.1,196.32,14061
IEX-II,20240802,189.0,200.1,187.12,197.35,882
IEX-III,20240802,193.25,201.25,191.49,198.67,145
IGL-I,20240802,541.75,545.4,536.05,540.85,1569
IGL-II,20240802,540.1,543.35,538.0,540.1,78
IGL-III,20240802,0.0,0.0,0.0,542.9,0
INDHOTEL-I,20240802,630.0,639.65,625.95,631.1,4230
INDHOTEL-II,20240802,633.95,643.3,632.8,634.7,201
INDHOTEL-III,20240802,643.25,643.6,639.5,639.5,6
INDIACEM-I,20240802,361.15,378.8,361.15,372.95,432
INDIAMART-I,20240802,2802.25,2857.5,2745.05,2793.65,659
INDIAMART-II,20240802,2827.9,2827.9,2770.0,2778.5,48
INDIAMART-III,20240802,2780.85,2780.85,2761.4,2768.45,5
INDIGO-I,20240802,4374.85,4422.0,4325.35,4334.15,4160
INDIGO-II,20240802,4390.0,4450.0,4356.0,4363.5,255
INDIGO-III,20240802,4442.45,4474.8,4390.0,4390.95,16
INDUSINDBK-I,20240802,1416.85,1420.85,1400.55,1411.25,12991
INDUSINDBK-II,20240802,1430.0,1430.0,1411.0,1420.5,454
INDUSINDBK-III,20240802,1435.45,1439.45,1422.15,1431.25,80
INDUSTOWER-I,20240802,426.4,429.4,421.55,423.15,3853
INDUSTOWER-II,20240802,430.45,431.5,424.3,425.95,173
INDUSTOWER-III,20240802,434.0,434.0,427.2,430.8,14
INFY-I,20240802,1854.8,1866.75,1826.0,1830.0,30694
INFY-II,20240802,1870.1,1876.85,1837.0,1840.55,814
INFY-III,20240802,1866.6,1871.85,1835.0,1837.95,102
IOC-I,20240802,177.52,179.98,175.16,177.81,10913
IOC-II,20240802,178.5,181.05,176.4,179.01,774
IOC-III,20240802,179.2,182.32,177.95,180.32,85
IPCALAB-I,20240802,1282.0,1308.85,1281.1,1293.95,883
IPCALAB-II,20240802,1296.45,1305.8,1292.0,1292.0,33
IPCALAB-III,20240802,1300.0,1300.0,1300.0,1300.0,2
IRCTC-I,20240802,970.95,976.9,962.6,965.65,3680
IRCTC-II,20240802,970.15,983.35,969.0,972.7,300
IRCTC-III,20240802,983.0,989.45,976.4,978.85,37
ITC-I,20240802,491.0,502.45,488.05,491.25,25819
ITC-II,20240802,494.35,504.75,492.0,494.05,958
ITC-III,20240802,497.5,506.65,496.0,497.15,124
JINDALSTEL-I,20240802,974.6,976.45,954.05,957.6,6081
JINDALSTEL-II,20240802,971.25,981.35,961.0,963.75,259
JINDALSTEL-III,20240802,977.3,981.85,970.3,970.3,12
JKCEMENT-I,20240802,4310.25,4363.0,4240.0,4257.95,2047
JKCEMENT-II,20240802,4276.7,4321.0,4204.6,4212.0,187
JKCEMENT-III,20240802,4275.0,4275.0,4275.0,4275.0,1
JSWSTEEL-I,20240802,927.5,927.6,898.2,901.85,10048
JSWSTEEL-II,20240802,930.0,932.1,905.0,907.15,340
JSWSTEEL-III,20240802,943.25,943.25,911.0,913.25,43
JUBLFOOD-I,20240802,596.1,615.6,589.1,603.2,6536
JUBLFOOD-II,20240802,588.95,606.8,587.55,594.6,873
JUBLFOOD-III,20240802,588.25,598.65,588.25,598.65,24
KOTAKBANK-I,20240802,1795.65,1815.65,1784.95,1807.95,22023
KOTAKBANK-II,20240802,1800.0,1826.9,1796.75,1819.3,411
KOTAKBANK-III,20240802,1820.0,1838.55,1815.0,1830.9,70
LALPATHLAB-I,20240802,3065.0,3120.0,3050.5,3091.95,883
LALPATHLAB-II,20240802,3044.7,3100.15,3032.9,3077.7,66
LALPATHLAB-III,20240802,3049.25,3096.2,3049.25,3085.7,7
LAURUSLABS-I,20240802,445.3,455.6,439.2,449.8,3481
LAURUSLABS-II,20240802,445.15,458.25,440.7,451.8,242
LAURUSLABS-III,20240802,460.25,461.55,452.0,457.0,14
LICHSGFIN-I,20240802,740.65,755.9,733.6,741.05,8916
LICHSGFIN-II,20240802,745.25,760.0,740.1,745.6,445
LICHSGFIN-III,20240802,753.1,761.25,746.5,752.15,30
LT-I,20240802,3758.95,3773.7,3668.0,3676.4,32232
LT-II,20240802,3793.85,3793.85,3691.85,3699.5,1188
LT-III,20240802,3821.0,3821.0,3721.0,3724.95,155
LTF-I,20240802,175.36,179.6,172.74,177.6,4814
LTF-II,20240802,176.3,180.64,173.9,178.78,343
LTF-III,20240802,176.5,181.55,176.0,179.72,21
LTIM-I,20240802,5681.0,5689.65,5500.1,5525.95,6920
LTIM-II,20240802,5726.4,5726.4,5540.15,5561.1,261
LTIM-III,20240802,5708.45,5708.45,5559.85,5586.6,26
LTTS-I,20240802,5074.95,5209.5,5000.0,5079.9,5155
LTTS-II,20240802,5008.3,5150.0,4959.0,5020.3,1126
LTTS-III,20240802,5011.0,5107.55,4945.05,5035.0,108
LUPIN-I,20240802,1963.4,1992.95,1952.05,1966.5,10422
LUPIN-II,20240802,1970.6,2000.95,1970.0,1978.55,390
LUPIN-III,20240802,1982.95,2005.0,1982.95,1989.9,27
M&M-I,20240802,2829.85,2829.85,2743.0,2757.55,13876
M&M-II,20240802,2822.15,2838.15,2761.0,2777.2,582
M&M-III,20240802,2840.0,2853.0,2780.75,2799.05,105
M&MFIN-I,20240802,300.0,304.15,297.05,302.4,3058
M&MFIN-II,20240802,293.9,299.75,293.2,297.45,313
M&MFIN-III,20240802,298.0,298.0,294.55,294.5,21
MANAPPURAM-I,20240802,210.25,213.67,207.32,209.61,5000
MANAPPURAM-II,20240802,209.62,214.72,208.99,211.09,358
MANAPPURAM-III,20240802,213.1,216.0,212.0,212.59,35
MARICO-I,20240802,675.15,678.65,661.15,664.95,2670
MARICO-II,20240802,681.0,682.0,666.15,669.9,197
MARICO-III,20240802,675.7,677.3,674.5,674.5,4
MARUTI-I,20240802,13135.0,13192.9,12719.0,12755.3,40313
MARUTI-II,20240802,13150.0,13167.2,12807.0,12838.55,1299
MARUTI-III,20240802,13125.25,13222.45,12901.0,12925.85,168
MCX-I,20240802,4289.4,4392.0,4244.3,4341.35,5671
MCX-II,20240802,4303.1,4406.05,4270.0,4360.2,328
MCX-III,20240802,4415.15,4423.05,4300.0,4399.9,25
METROPOLIS-I,20240802,2079.95,2119.0,2064.2,2091.75,767
METROPOLIS-II,20240802,2090.0,2118.0,2071.9,2098.1,74
METROPOLIS-III,20240802,2090.05,2090.05,2090.0,2090.0,7
MFSL-I,20240802,1097.7,1115.35,1088.0,1107.7,1066
MFSL-II,20240802,1100.35,1118.0,1095.6,1113.4,25
MFSL-III,20240802,1108.0,1108.0,1108.0,1108.0,1
MGL-I,20240802,1797.05,1848.65,1795.6,1835.85,1726
MGL-II,20240802,1806.35,1854.3,1804.5,1841.95,138
MGL-III,20240802,1848.95,1853.75,1848.95,1853.75,4
MIDCPNIFTY-I,20240802,12860.0,12860.0,12594.45,12627.8,21693
MIDCPNIFTY-II,20240802,12780.0,12810.4,12610.0,12642.45,1292
MIDCPNIFTY-III,20240802,12750.0,12816.3,12636.75,12659.6,70
MOTHERSON-I,20240802,195.37,197.45,192.21,193.54,4588
MOTHERSON-II,20240802,194.03,198.5,193.37,194.75,272
MOTHERSON-III,20240802,195.6,198.33,195.1,195.79,20
MPHASIS-I,20240802,2853.45,2859.95,2785.55,2790.3,5551
MPHASIS-II,20240802,2849.6,2872.4,2801.05,2805.0,253
MPHASIS-III,20240802,2857.0,2866.45,2816.95,2818.65,11
MRF-I,20240802,141028.3,141412.95,138500.15,138930.8,2809
MRF-II,20240802,141124.7,142000.0,139500.0,139773.6,141
MRF-III,20240802,141573.1,142778.0,140100.0,140100.0,16
MUTHOOTFIN-I,20240802,1874.35,1904.6,1851.15,1885.8,2683
MUTHOOTFIN-II,20240802,1868.05,1911.0,1862.35,1894.35,108
MUTHOOTFIN-III,20240802,1898.0,1915.0,1895.0,1904.0,7
NATIONALUM-I,20240802,189.4,190.25,184.5,185.39,7746
NATIONALUM-II,20240802,190.33,190.4,185.16,186.03,385
NATIONALUM-III,20240802,190.0,190.5,186.82,187.21,23
NAUKRI-I,20240802,6900.0,7360.0,6874.75,7250.15,11076
NAUKRI-II,20240802,6940.05,7395.0,6940.05,7288.9,749
NAUKRI-III,20240802,7093.25,7399.95,7093.25,7326.35,45
NAVINFLUOR-I,20240802,3677.9,3721.4,3604.3,3621.6,3712
NAVINFLUOR-II,20240802,3698.1,3727.2,3612.45,3633.4,507
NAVINFLUOR-III,20240802,3722.0,3728.65,3610.6,3647.15,20
NESTLEIND-I,20240802,2476.55,2522.0,2475.05,2502.95,10069
NESTLEIND-II,20240802,2513.0,2537.4,2494.75,2520.05,523
NESTLEIND-III,20240802,2525.0,2544.1,2505.0,2527.55,119
NIFTY-I,20240802,24824.95,24884.8,24670.0,24711.55,329256
NIFTY-II,20240802,24936.0,25007.45,24801.0,24835.8,25326
NIFTY-III,20240802,25101.0,25129.3,24930.1,24962.3,7195
NIFTYNXT50-I,20240802,73800.05,74270.45,73513.0,73603.5,619
NIFTYNXT50-II,20240802,74000.0,74488.9,73928.05,73928.05,47
NIFTYNXT50-III,20240802,0.0,0.0,0.0,75750.0,0
NMDC-I,20240802,239.54,241.0,234.43,236.33,5256
NMDC-II,20240802,240.18,241.8,235.02,236.99,387
NMDC-III,20240802,241.25,243.0,237.26,238.7,43
NTPC-I,20240802,417.0,424.3,412.55,417.65,23332
NTPC-II,20240802,418.4,426.85,415.8,420.4,844
NTPC-III,20240802,420.05,429.0,418.05,423.2,144
OBEROIRLTY-I,20240802,1815.3,1832.55,1784.6,1788.75,2205
OBEROIRLTY-II,20240802,1825.25,1839.9,1792.75,1796.6,173
OBEROIRLTY-III,20240802,1839.05,1839.05,1796.65,1796.65,5
OFSS-I,20240802,10832.4,10895.8,10383.5,10443.3,5275
OFSS-II,20240802,10802.05,10942.15,10447.55,10495.25,425
OFSS-III,20240802,11011.0,11011.0,10547.05,10577.3,34
ONGC-I,20240802,337.45,339.25,327.05,328.65,21602
ONGC-II,20240802,336.5,337.6,329.35,330.7,895
ONGC-III,20240802,339.25,339.6,332.45,333.15,136
PAGEIND-I,20240802,41822.0,42790.0,41500.9,42488.6,2281
PAGEIND-II,20240802,41727.25,42300.0,41514.05,41780.3,196
PAGEIND-III,20240802,41800.25,42000.1,41800.25,42000.1,2
PEL-I,20240802,1015.0,1067.0,1005.0,1041.95,5857
PEL-II,20240802,1019.75,1072.3,1019.75,1048.75,272
PEL-III,20240802,1055.0,1074.35,1055.0,1058.2,14
PERSISTENT-I,20240802,4761.6,4799.95,4643.8,4654.1,4318
PERSISTENT-II,20240802,4712.25,4801.65,4665.0,4669.05,563
PERSISTENT-III,20240802,4750.55,4750.55,4685.0,4686.3,26
PETRONET-I,20240802,365.8,367.7,361.6,363.55,1696
PETRONET-II,20240802,366.05,369.2,364.1,366.1,134
PETRONET-III,20240802,370.0,372.0,367.1,368.3,22
PFC-I,20240802,539.9,540.85,524.25,525.4,15347
PFC-II,20240802,538.2,543.9,527.3,528.15,1025
PFC-III,20240802,546.35,546.4,530.4,531.05,75
PIDILITIND-I,20240802,3129.95,3164.6,3123.3,3146.95,1294
PIDILITIND-II,20240802,3145.45,3185.75,3145.45,3167.75,43
PIDILITIND-III,20240802,3195.0,3196.4,3184.55,3196.4,6
PIIND-I,20240802,4384.75,4422.3,4265.45,4287.65,3261
PIIND-II,20240802,4429.3,4429.3,4300.0,4315.3,144
PIIND-III,20240802,4414.3,4435.3,4334.15,4339.95,113
PNB-I,20240802,122.0,122.2,119.91,120.69,8096
PNB-II,20240802,122.5,122.92,120.8,121.51,654
PNB-III,20240802,123.16,123.53,121.8,122.34,71
POLYCAB-I,20240802,6750.05,6869.25,6701.05,6779.6,7329
POLYCAB-II,20240802,6797.9,6907.25,6762.45,6819.75,364
POLYCAB-III,20240802,6900.0,6910.0,6843.0,6866.35,17
POWERGRID-I,20240802,358.1,360.5,353.05,356.65,6766
POWERGRID-II,20240802,358.75,362.25,355.65,358.95,280
POWERGRID-III,20240802,361.85,363.2,357.55,361.2,80
PVRINOX-I,20240802,1496.0,1499.05,1475.25,1478.25,1875
PVRINOX-II,20240802,1483.8,1501.0,1477.5,1480.15,168
PVRINOX-III,20240802,1493.5,1499.0,1484.9,1486.85,17
RAMCOCEM-I,20240802,815.15,842.6,809.6,829.25,4348
RAMCOCEM-II,20240802,813.2,841.5,807.6,828.35,273
RAMCOCEM-III,20240802,826.15,842.0,822.55,831.0,20
RBLBANK-I,20240802,227.5,231.89,225.0,227.3,787
RBLBANK-II,20240802,230.53,231.0,229.2,229.25,14
RBLBANK-III,20240802,232.5,232.5,232.5,232.5,1
RECLTD-I,20240802,616.9,624.8,607.55,609.15,13478
RECLTD-II,20240802,616.0,628.65,611.75,613.05,661
RECLTD-III,20240802,625.0,631.55,615.5,616.7,90
RELIANCE-I,20240802,3020.0,3021.55,2988.65,2997.0,36816
RELIANCE-II,20240802,3032.0,3039.6,3008.6,3016.3,1088
RELIANCE-III,20240802,3051.25,3058.0,3030.0,3036.3,251
SAIL-I,20240802,148.3,148.3,145.13,146.11,8061
SAIL-II,20240802,148.73,148.97,145.0,146.39,563
SAIL-III,20240802,148.0,149.17,147.0,147.53,69
SBICARD-I,20240802,710.95,719.0,707.6,710.05,3520
SBICARD-II,20240802,702.2,711.45,702.0,702.75,844
SBICARD-III,20240802,701.0,705.9,698.0,698.5,265
SBILIFE-I,20240802,1764.6,1777.25,1740.45,1751.55,5071
SBILIFE-II,20240802,1772.8,1787.2,1753.6,1763.7,109
SBILIFE-III,20240802,1787.0,1790.0,1770.0,1775.45,10
SBIN-I,20240802,859.5,861.0,849.0,850.55,58405
SBIN-II,20240802,867.2,867.2,854.8,856.15,2123
SBIN-III,20240802,870.2,872.4,861.4,862.25,329
SHREECEM-I,20240802,27535.0,27899.6,27150.0,27277.1,4663
SHREECEM-II,20240802,27816.85,28058.05,27413.55,27493.7,70
SHREECEM-III,20240802,0.0,0.0,0.0,27640.0,0
SHRIRAMFIN-I,20240802,2956.05,3033.2,2929.05,3000.15,9537
SHRIRAMFIN-II,20240802,2980.0,3050.9,2950.0,3018.2,306
SHRIRAMFIN-III,20240802,3005.0,3059.25,2971.5,3031.8,41
SIEMENS-I,20240802,6951.25,6995.0,6809.05,6876.75,10577
SIEMENS-II,20240802,6943.1,7028.6,6863.05,6926.0,264
SIEMENS-III,20240802,7000.0,7000.0,6915.0,6977.2,13
SRF-I,20240802,2589.25,2631.25,2529.45,2534.4,4142
SRF-II,20240802,2600.0,2631.1,2533.0,2537.5,213
SRF-III,20240802,2633.8,2633.8,2544.75,2544.75,8
SUNPHARMA-I,20240802,1704.0,1751.15,1690.75,1740.35,19906
SUNPHARMA-II,20240802,1705.8,1761.2,1703.0,1751.05,600
SUNPHARMA-III,20240802,1740.45,1771.0,1740.45,1763.4,31
SUNTV-I,20240802,886.1,902.3,880.15,890.9,1651
SUNTV-II,20240802,885.5,902.9,885.35,894.15,54
SUNTV-III,20240802,887.1,898.7,887.1,894.7,6
SYNGENE-I,20240802,815.0,825.7,811.75,820.7,1303
SYNGENE-II,20240802,808.25,815.7,807.55,811.9,187
SYNGENE-III,20240802,811.5,813.6,806.0,806.0,9
TATACHEM-I,20240802,1097.6,1106.75,1082.1,1090.1,7475
TATACHEM-II,20240802,1094.8,1108.6,1085.0,1092.0,312
TATACHEM-III,20240802,1100.0,1112.95,1090.0,1093.9,36
TATACOMM-I,20240802,1955.0,1995.7,1936.75,1960.9,2782
TATACOMM-II,20240802,1971.0,2007.25,1948.7,1974.65,152
TATACOMM-III,20240802,2002.05,2006.5,1973.0,1989.8,11
TATACONSUM-I,20240802,1200.0,1224.7,1194.05,1198.4,8693
TATACONSUM-II,20240802,1215.0,1230.0,1202.3,1205.15,194
TATACONSUM-III,20240802,1230.0,1236.9,1210.2,1213.85,26
TATAMOTORS-I,20240802,1119.9,1120.0,1088.2,1092.0,59979
TATAMOTORS-II,20240802,1127.9,1133.6,1093.6,1096.95,6397
TATAMOTORS-III,20240802,1148.1,1148.1,1100.0,1102.85,865
TATAPOWER-I,20240802,460.0,473.6,454.05,462.2,29741
TATAPOWER-II,20240802,465.85,476.25,457.25,465.25,1473
TATAPOWER-III,20240802,470.0,479.4,461.15,468.4,259
TATASTEEL-I,20240802,160.9,161.0,155.31,158.64,20512
TATASTEEL-II,20240802,161.42,161.42,156.0,159.73,1693
TATASTEEL-III,20240802,164.0,164.0,158.91,160.92,305
TCS-I,20240802,4400.0,4413.4,4287.0,4295.8,22607
TCS-II,20240802,4429.1,4437.7,4317.15,4325.8,795
TCS-III,20240802,4446.0,4446.0,4339.55,4340.65,73
TECHM-I,20240802,1520.0,1539.95,1504.6,1511.15,8885
TECHM-II,20240802,1542.0,1543.15,1512.55,1518.0,615
TECHM-III,20240802,1547.2,1550.25,1525.0,1527.6,24
TITAN-I,20240802,3450.0,3493.65,3426.5,3478.7,21892
TITAN-II,20240802,3491.05,3515.0,3450.0,3499.15,526
TITAN-III,20240802,3516.85,3533.2,3480.0,3524.45,78
TORNTPHARM-I,20240802,3180.0,3256.0,3162.25,3213.75,1977
TORNTPHARM-II,20240802,3181.0,3248.35,3177.95,3204.5,101
TORNTPHARM-III,20240802,3206.0,3229.95,3203.65,3229.9,23
TRENT-I,20240802,5740.6,5832.4,5555.6,5568.1,7567
TRENT-II,20240802,5775.0,5866.5,5593.0,5604.8,298
TRENT-III,20240802,5800.0,5903.0,5632.9,5639.0,58
TVSMOTOR-I,20240802,2575.45,2594.2,2532.8,2573.9,4950
TVSMOTOR-II,20240802,2592.0,2610.1,2551.0,2589.7,183
TVSMOTOR-III,20240802,2600.0,2612.0,2590.0,2603.0,8
UBL-I,20240802,1952.35,2007.0,1952.3,1986.55,1817
UBL-II,20240802,1969.8,1989.85,1966.1,1970.2,178
UBL-III,20240802,1987.9,1987.9,1977.45,1979.65,42
ULTRACEMCO-I,20240802,11900.05,11920.0,11684.6,11746.85,6137
ULTRACEMCO-II,20240802,11900.0,11955.0,11775.0,11800.0,298
ULTRACEMCO-III,20240802,11915.0,11930.1,11835.0,11835.0,14
UNITDSPR-I,20240802,1415.95,1436.8,1404.9,1428.4,3262
UNITDSPR-II,20240802,1435.15,1445.75,1424.35,1438.55,77
UNITDSPR-III,20240802,1440.0,1449.15,1439.1,1449.0,15
UPL-I,20240802,559.8,564.95,533.0,537.9,22798
UPL-II,20240802,557.6,567.5,535.6,541.2,1253
UPL-III,20240802,562.6,570.7,539.5,543.3,210
VEDL-I,20240802,442.5,444.05,433.6,435.5,12724
VEDL-II,20240802,441.1,445.55,436.2,438.4,576
VEDL-III,20240802,445.0,448.05,441.0,441.75,100
VOLTAS-I,20240802,1529.4,1540.5,1490.9,1495.65,5060
VOLTAS-II,20240802,1540.75,1542.4,1501.1,1504.7,615
VOLTAS-III,20240802,1535.55,1538.0,1505.85,1510.1,70
WIPRO-I,20240802,519.85,521.5,503.2,503.9,12767
WIPRO-II,20240802,520.3,525.1,506.25,507.05,964
WIPRO-III,20240802,524.65,525.2,509.35,510.35,261
ZYDUSLIFE-I,20240802,1241.0,1263.95,1235.8,1255.0,4226
ZYDUSLIFE-II,20240802,1250.0,1269.95,1241.35,1261.8,171
ZYDUSLIFE-III,20240802,1262.9,1276.65,1262.9,1268.0,7
